# name: debug
# type: sparse matrix
# nnz: 540
# rows: 42
# columns: 42

1 1 1277138.17
2 1 -130911.71
3 1 -186050.258
4 1 -5343.21635
5 1 1897626.8
6 1 -1164892.17
1 2 -130911.71
2 2 1050966.92
3 2 -512318.323
4 2 -1901383.05
5 2 5326.70265
6 2 517299.318
1 3 -186050.258
2 3 -512318.323
3 3 668633.298
4 3 1191548.56
5 3 -534275.807
6 3 16.5136972
1 4 -5343.21635
2 4 -1901383.05
3 4 1191548.56
4 4 3913653.41
5 4 -410761.316
6 4 -553396.122
1 5 1897626.8
2 5 5326.70265
3 5 -534275.807
4 5 -410761.316
5 5 3553748.37
6 5 -1263477.4
1 6 -1164892.17
2 6 517299.318
3 6 16.5136972
4 6 -553396.122
5 6 -1263477.4
6 6 2023563.91
7 7 928573.362
8 7 -93491.1548
9 7 -126801.034
10 7 -606.463025
11 7 941247.772
12 7 -358191.645
7 8 -93491.1548
8 8 968686.106
9 8 -239315.496
10 8 -939219.998
11 8 604.588696
12 8 309810.498
7 9 -126801.034
8 9 -239315.496
9 9 459907.979
10 9 361286.45
11 9 -315414.514
12 9 1.87432927
7 10 -606.463025
8 10 -939219.998
9 10 361286.45
10 10 1091954.5
11 10 -134158.586
12 10 -251212.461
7 11 941247.772
8 11 604.588696
9 11 -315414.514
10 11 -134158.586
11 11 1252898.52
12 11 -205220.595
7 12 -358191.645
8 12 309810.498
9 12 1.87432927
10 12 -251212.461
11 12 -205220.595
12 12 635820.725
13 13 917260.785
14 13 -165553.4
15 13 -305794.74
16 13 -7180.72425
17 13 1383195.9
18 13 -676578.14
13 14 -165553.4
14 14 1008821.26
15 14 -323751.08
16 14 -1375531.49
17 14 7158.53156
18 14 779953.563
13 15 -305794.74
14 15 -323751.08
15 15 563000.365
16 15 690796.329
17 15 -800991.815
18 15 22.1926829
13 16 -7180.72425
14 16 -1375531.49
15 16 690796.329
16 16 2134249.85
17 16 -485794.63
18 16 -828090.855
13 17 1383195.9
14 17 7158.53156
15 17 -800991.815
16 17 -485794.63
17 17 2641900.02
18 17 -663695.886
13 18 -676578.14
14 18 779953.563
15 18 22.1926829
16 18 -828090.855
17 18 -663695.886
18 18 1489610.88
19 19 1301161.92
20 19 -158916.922
21 19 -716149.624
22 19 -86489.0683
23 19 2371813
24 19 -740598.605
25 19 -523135.033
26 19 56062.0595
27 19 290495.078
28 19 60128.8491
29 19 -877334.381
30 19 308585.019
31 19 -3251.42008
32 19 6155.33769
33 19 -952.56564
34 19 -9492.53034
35 19 -5433.62143
36 19 4266.15934
19 20 -158916.922
20 20 1758274.02
21 20 -511088.587
22 20 -2509476.77
23 20 221212.334
24 20 1558323.28
25 20 18436.6132
26 20 -750465.883
27 20 392907.547
28 20 1093514.09
29 20 -193000.059
30 20 -525718.67
31 20 -424.579475
32 20 -58301.1596
33 20 24437.0816
34 20 88380.6399
35 20 -18191.6963
36 20 -43449.0972
19 21 -716149.624
20 21 -511088.587
21 21 1047521.99
22 21 1149889.48
23 21 -1814366.79
24 21 -134736.349
25 21 451896.009
26 21 305556.015
27 21 -570739.075
28 21 -628964.456
29 21 959053.361
30 21 -63406.2742
31 21 2970.3666
32 21 11697.125
33 21 -9054.30074
34 21 -17352.9624
35 21 12238.4806
36 21 8192.72052
19 22 -86489.0683
20 22 -2509476.77
21 22 1149889.48
22 22 4001277
23 22 -853871.852
24 22 -1689315.62
25 22 159729.829
26 22 999130.312
27 22 -680021.462
28 22 -1554306.44
29 22 566079.387
30 22 556592.043
31 22 -334.012693
32 22 74141.0894
33 22 -30109.164
34 22 -112126.82
35 22 21557.9738
36 22 56209.8842
19 23 2371813
20 23 221212.334
21 23 -1814366.79
22 23 -853871.852
23 23 5345273.46
24 23 -700384.523
25 23 -1100463.16
26 23 -164089.16
27 23 917140.441
28 23 578170.142
29 23 -2164882.21
30 23 390484.574
31 23 -10039.1764
32 23 -7434.17918
33 23 12074.7678
34 23 10839.7907
35 23 -27099.7439
36 23 -4631.28552
19 24 -740598.605
20 24 1558323.28
21 24 -134736.349
22 24 -1689315.62
23 24 -700384.523
24 24 2502596.82
25 24 237685.503
26 24 -739450.291
27 24 211534.371
28 24 975373.494
29 24 101678.988
30 24 -799781.707
31 24 -1788.46981
32 24 -81246.6221
33 24 33661.6465
34 24 123699.515
35 24 -26705.2476
36 24 -60631.1019
19 25 -523135.033
20 25 18436.6132
21 25 451896.009
22 25 159729.829
23 25 -1100463.16
24 25 237685.503
25 25 2133999.58
26 25 -200198.802
27 25 -963198.897
28 25 -242692.386
29 25 3537545.07
30 25 -1251369.34
31 25 -530998.337
32 25 58693.8043
33 25 220699.397
34 25 59311.8248
35 25 -758357.871
36 25 340038.727
19 26 56062.0595
20 26 -750465.883
21 26 305556.015
22 26 999130.312
23 26 -164089.16
24 26 -739450.291
25 26 -200198.802
26 26 2786884.75
27 26 -1169927.6
28 26 -4102765.62
29 26 506766.175
30 26 1925939.12
31 26 -30108.0749
32 26 -904138.299
33 26 567256.849
34 26 1440774.23
35 26 -329850.021
36 26 -474082.951
19 27 290495.078
20 27 392907.547
21 27 -570739.075
22 27 -680021.462
23 27 917140.441
24 27 211534.371
25 27 -963198.897
26 27 -1169927.6
27 27 1709788.56
28 27 2253941.43
29 27 -2340208.34
30 27 -264073.789
31 27 436661.398
32 27 449704.834
33 27 -591856.064
34 27 -888859.378
35 27 841411.895
36 27 -36048.9754
19 28 60128.8491
20 28 1093514.09
21 28 -628964.456
22 28 -1554306.44
23 28 578170.142
24 28 975373.494
25 28 -242692.386
26 28 -4102765.62
27 28 2253941.43
28 28 6716358.55
29 28 -1620964.8
30 28 -2186965.01
31 28 263623.875
32 28 1299862.49
33 28 -963870.364
34 28 -2197461.77
35 28 796456.531
36 28 518559.043
19 29 -877334.381
20 29 -193000.059
21 29 959053.361
22 29 566079.387
23 29 -2164882.21
24 29 101678.988
25 29 3537545.07
26 29 506766.175
27 29 -2340208.34
28 29 -1620964.8
29 29 7079971.36
30 29 -1105677.85
31 29 -998908.699
32 29 -301820.217
33 29 776392.43
34 29 800793.28
35 29 -1680014.16
36 29 378953.719
19 30 308585.019
20 30 -525718.67
21 30 -63406.2742
22 30 556592.043
23 30 390484.574
24 30 -799781.707
25 30 -1251369.34
26 30 1925939.12
27 30 -264073.789
28 30 -2186965.01
29 30 -1105677.85
30 30 3024590.58
31 30 233800.245
32 30 -814345.884
33 30 362168.706
34 30 1201245.14
35 30 29177.5842
36 30 -679422.63
19 31 -3251.42008
20 31 -424.579475
21 31 2970.3666
22 31 -334.012693
23 31 -10039.1764
24 31 -1788.46981
25 31 -530998.337
26 31 -30108.0749
27 31 436661.398
28 31 263623.875
29 31 -998908.699
30 31 233800.245
31 31 2092956.51
32 31 -71885.6267
33 31 -589647.558
34 31 -288400.054
35 31 2959159.28
36 31 -1237187.58
37 31 -147501.362
38 31 -52303.2511
39 31 30376.2642
40 31 73452.6651
41 31 -145822.103
42 31 105813.981
19 32 6155.33769
20 32 -58301.1596
21 32 11697.125
22 32 74141.0894
23 32 -7434.17918
24 32 -81246.6221
25 32 58693.8043
26 32 -904138.299
27 32 449704.834
28 32 1299862.49
29 32 -301820.217
30 32 -814345.884
31 32 -71885.6267
32 32 2426843.59
33 32 -1149956.1
34 32 -3689688.51
35 32 403215.899
36 32 1028208.21
37 32 -54582.1454
38 32 -241369.746
39 32 169844.273
40 32 367246.904
41 32 -43472.9059
42 32 49966.9125
19 33 -952.56564
20 33 24437.0816
21 33 -9054.30074
22 33 -30109.164
23 33 12074.7678
24 33 33661.6465
25 33 220699.397
26 33 567256.849
27 33 -591856.064
28 33 -963870.364
29 33 776392.43
30 33 362168.706
31 33 -589647.558
32 33 -1149956.1
33 33 1338798.89
34 33 2112691.38
35 33 -1285675.32
36 33 -114815.845
37 33 94873.3411
38 33 168967.701
39 33 -129850.269
40 33 -271140.793
41 33 82856.1572
42 33 -78060.6887
19 34 -9492.53034
20 34 88380.6399
21 34 -17352.9624
22 34 -112126.82
23 34 10839.7907
24 34 123699.515
25 34 59311.8248
26 34 1440774.23
27 34 -888859.378
28 34 -2197461.77
29 34 800793.28
30 34 1201245.14
31 34 -288400.054
32 34 -3689688.51
33 34 2112691.38
34 34 6108254.19
35 34 -1268760.37
36 34 -1110734.34
37 34 112850.825
38 34 351164.483
39 34 -260177.669
40 34 -551676.366
41 34 89991.8325
42 34 -103793.521
19 35 -5433.62143
20 35 -18191.6963
21 35 12238.4806
22 35 21557.9738
23 35 -27099.7439
24 35 -26705.2476
25 35 -758357.871
26 35 -329850.021
27 35 841411.895
28 35 796456.531
29 35 -1680014.16
30 35 29177.5842
31 35 2959159.28
32 35 403215.899
33 35 -1285675.32
34 35 -1268760.37
35 35 4991136.04
36 35 -1126321.3
37 35 -186371.745
38 35 -118379.307
39 35 77739.9088
40 35 174022.557
41 35 -183637.918
42 35 131951.382
19 36 4266.15934
20 36 -43449.0972
21 36 8192.72052
22 36 56209.8842
23 36 -4631.28552
24 36 -60631.1019
25 36 340038.727
26 36 -474082.951
27 36 -36048.9754
28 36 518559.043
29 36 378953.719
30 36 -679422.63
31 36 -1237187.58
32 36 1028208.21
33 36 -114815.845
34 36 -1110734.34
35 36 -1126321.3
